[gd_scene load_steps=8 format=3 uid="uid://dldntde3raks5"]

[ext_resource type="PackedScene" uid="uid://butdmdnjmskuu" path="res://Subway Surfers/box.tscn" id="1_snd1y"]
[ext_resource type="PackedScene" uid="uid://dxlw3t3y5ohrb" path="res://Subway Surfers/mavis.tscn" id="2_7o08m"]
[ext_resource type="Texture2D" uid="uid://d11rqvmiornq4" path="res://icon.svg" id="3_k15wb"]
[ext_resource type="Script" uid="uid://b3dipi6ormp4d" path="res://icon.gd" id="4_ybgqn"]
[ext_resource type="PackedScene" uid="uid://dhokivqhwdii0" path="res://Subway Surfers/coin.tscn" id="5_4t2pl"]

[sub_resource type="BoxMesh" id="BoxMesh_h4xy8"]
size = Vector3(10, 0.5, 10)

[sub_resource type="BoxShape3D" id="BoxShape3D_snd1y"]
size = Vector3(10, 0.5, 10)

[node name="Node3D" type="Node3D"]

[node name="DirectionalLight3D" type="DirectionalLight3D" parent="."]
transform = Transform3D(-0.866023, -0.433016, 0.250001, 0, 0.499998, 0.866027, -0.500003, 0.749999, -0.43301, 0, 0, 0)
shadow_enabled = true

[node name="floor" type="StaticBody3D" parent="."]
transform = Transform3D(1, 0, 0, 0, 1, 0, 0, 0, 1, 0, 0.249444, 0)
metadata/_edit_group_ = true

[node name="MeshInstance3D" type="MeshInstance3D" parent="floor"]
mesh = SubResource("BoxMesh_h4xy8")

[node name="CollisionShape3D" type="CollisionShape3D" parent="floor"]
shape = SubResource("BoxShape3D_snd1y")

[node name="Camera3D" type="Camera3D" parent="."]
transform = Transform3D(1, -7.41391e-08, 2.26966e-07, 2.97635e-08, 0.981863, 0.189592, -2.36906e-07, -0.189592, 0.981863, -0.17755, 2.11893, 7.14509)

[node name="blocks" type="Node3D" parent="."]

[node name="block1" parent="blocks" instance=ExtResource("1_snd1y")]
transform = Transform3D(1, 0, 0, 0, 0.965926, -0.258819, 0, 0.258819, 0.965926, 0, 3, 0)

[node name="block2" parent="blocks" instance=ExtResource("1_snd1y")]
transform = Transform3D(1, 0, 0, 0, 0.886543, 0.462646, 0, -0.462646, 0.886543, 0, 4.63381, -0.514897)

[node name="Mavis" parent="." instance=ExtResource("2_7o08m")]
transform = Transform3D(1, 0, 0, 0, 1, 0, 0, 0, 1, 2.85118, 1, 3)

[node name="icon" type="Sprite3D" parent="."]
transform = Transform3D(1, 0, 0, 0, 1, 0, 0, 0, 1, 0, 1.53695, -1.97133)
texture = ExtResource("3_k15wb")
script = ExtResource("4_ybgqn")

[node name="coin1" parent="." instance=ExtResource("5_4t2pl")]
transform = Transform3D(1, 0, 0, 0, 1, 0, 0, 0, 1, 0, 1.09541, 1.79241)
